corpus: | 10.0 | | 10.0 **10.0**1185 | 10.0 | | 10.0 **10.0**chunks | 10.0 | | 10.0 **10.0**from | 10.0 | | 10.0 **10.0**benchmarks/calib/calib-1m.txt
GPU: | 10.0 | | 10.0 **10.0**gfx942 | 10.0 | | 10.0 **10.0**(205.8 | 10.0 | | 10.0 **10.0**GB | 10.0 | | 10.0 **10.0**VRAM, | 10.0 | | 10.0 **10.0**HIP | 10.0 | | 10.0 **10.0**7.2)
[rocblas] | 10.0 | | 10.0 **10.0**loaded | 10.0 | | 10.0 **10.0**for | 10.0 | | 10.0 **10.0**gfx942
 | 10.0 | | 10.0 **10.0** | 10.0 | | 10.0 **10.0**loading | 10.0 | | 10.0 **10.0**token_embd...
 | 10.0 | | 10.0 **10.0** | 10.0 | | 10.0 **10.0** | 10.0 | | 10.0 **10.0** | 10.0 | | 10.0 **10.0**(Q8_0 | 10.0 | | 10.0 **10.0**raw, | 10.0 | | 10.0 **10.0**1350 | 10.0 | | 10.0 **10.0**MB)
 | 10.0 | | 10.0 **10.0** | 10.0 | | 10.0 **10.0**loading | 10.0 | | 10.0 **10.0**output_norm...
 | 10.0 | | 10.0 **10.0** | 10.0 | | 10.0 **10.0**loading | 10.0 | | 10.0 **10.0**output | 10.0 | | 10.0 **10.0**(separate | 10.0 | | 10.0 **10.0**lm_head, | 10.0 | | 10.0 **10.0**qt=13)...
 | 10.0 | | 10.0 **10.0** | 10.0 | | 10.0 **10.0**loading | 10.0 | | 10.0 **10.0**layer | 10.0 | | 10.0 **10.0**0/64 | 10.0 | | 10.0 **10.0**(LinearAttention)...
 | 10.0 | | 10.0 **10.0** | 10.0 | | 10.0 **10.0**loading | 10.0 | | 10.0 **10.0**layer | 10.0 | | 10.0 **10.0**1/64 | 10.0 | | 10.0 **10.0**(LinearAttention)...
 | 10.0 | | 10.0 **10.0** | 10.0 | | 10.0 **10.0**loading | 10.0 | | 10.0 **10.0**layer | 10.0 | | 10.0 **10.0**2/64 | 10.0 | | 10.0 **10.0**(LinearAttention)...
 | 10.0 | | 10.0 **10.0** | 10.0 | | 10.0 **10.0**loading | 10.0 | | 10.0 **10.0**layer | 10.0 | | 10.0 **10.0**3/64 | 10.0 | | 10.0 **10.0**(FullAttention)...
 | 10.0 | | 10.0 **10.0** | 10.0 | | 10.0 **10.0**loading | 10.0 | | 10.0 **10.0**layer | 10.0 | | 10.0 **10.0**4/64 | 10.0 | | 10.0 **10.0**(LinearAttention)...
 | 10.0 | | 10.0 **10.0** | 10.0 | | 10.0 **10.0**loading | 10.0 | | 10.0 **10.0**layer | 10.0 | | 10.0 **10.0**5/64 | 10.0 | | 10.0 **10.0**(LinearAttention)...
 | 10.0 | | 10.0 **10.0** | 10.0 | | 10.0 **10.0**loading | 10.0 | | 10.0 **10.0**layer | 10.0 | | 10.0 **10.0**6/64 | 10.0 | | 10.0 **10.0**(LinearAttention)...
 | 10.0 | | 10.0 **10.0** | 10.0 | | 10.0 **10.0**loading | 10.0 | | 10.0 **10.0**layer | 10.0 | | 10.0 **10.0**7/64 | 10.0 | | 10.0 **10.0**(FullAttention)...
 | 10.0 | | 10.0 **10.0** | 10.0 | | 10.0 **10.0**loading | 10.0 | | 10.0 **10.0**layer | 10.0 | | 10.0 **10.0**8/64 | 10.0 | | 10.0 **10.0**(LinearAttention)...
 | 10.0 | | 10.0 **10.0** | 10.0 | | 10.0 **10.0**loading | 10.0 | | 10.0 **10.0**layer | 10.0 | | 10.0 **10.0**9/64 | 10.0 | | 10.0 **10.0**(LinearAttention)...
 | 10.0 | | 10.0 **10.0** | 10.0 | | 10.0 **10.0**loading | 10.0 | | 10.0 **10.0**layer | 10.0 | | 10.0 **10.0**10/64 | 10.0 | | 10.0 **10.0**(LinearAttention)...
 | 10.0 | | 10.0 **10.0** | 10.0 | | 10.0 **10.0**loading | 10.0 | | 10.0 **10.0**layer | 10.0 | | 10.0 **10.0**11/64 | 10.0 | | 10.0 **10.0**(FullAttention)...
 | 10.0 | | 10.0 **10.0** | 10.0 | | 10.0 **10.0**loading | 10.0 | | 10.0 **10.0**layer | 10.0 | | 10.0 **10.0**12/64 | 10.0 | | 10.0 **10.0**(LinearAttention)...
 | 10.0 | | 10.0 **10.0** | 10.0 | | 10.0 **10.0**loading | 10.0 | | 10.0 **10.0**layer | 10.0 | | 10.0 **10.0**13/64 | 10.0 | | 10.0 **10.0**(LinearAttention)...
 | 10.0 | | 10.0 **10.0** | 10.0 | | 10.0 **10.0**loading | 10.0 | | 10.0 **10.0**layer | 10.0 | | 10.0 **10.0**14/64 | 10.0 | | 10.0 **10.0**(LinearAttention)...
 | 10.0 | | 10.0 **10.0** | 10.0 | | 10.0 **10.0**loading | 10.0 | | 10.0 **10.0**layer | 10.0 | | 10.0 **10.0**15/64 | 10.0 | | 10.0 **10.0**(FullAttention)...
 | 10.0 | | 10.0 **10.0** | 10.0 | | 10.0 **10.0**loading | 10.0 | | 10.0 **10.0**layer | 10.0 | | 10.0 **10.0**16/64 | 10.0 | | 10.0 **10.0**(LinearAttention)...
 | 10.0 | | 10.0 **10.0** | 10.0 | | 10.0 **10.0**loading | 10.0 | | 10.0 **10.0**layer | 10.0 | | 10.0 **10.0**17/64 | 10.0 | | 10.0 **10.0**(LinearAttention)...
 | 10.0 | | 10.0 **10.0** | 10.0 | | 10.0 **10.0**loading | 10.0 | | 10.0 **10.0**layer | 10.0 | | 10.0 **10.0**18/64 | 10.0 | | 10.0 **10.0**(LinearAttention)...
 | 10.0 | | 10.0 **10.0** | 10.0 | | 10.0 **10.0**loading | 10.0 | | 10.0 **10.0**layer | 10.0 | | 10.0 **10.0**19/64 | 10.0 | | 10.0 **10.0**(FullAttention)...
 | 10.0 | | 10.0 **10.0** | 10.0 | | 10.0 **10.0**loading | 10.0 | | 10.0 **10.0**layer | 10.0 | | 10.0 **10.0**20/64 | 10.0 | | 10.0 **10.0**(LinearAttention)...
 | 10.0 | | 10.0 **10.0** | 10.0 | | 10.0 **10.0**loading | 10.0 | | 10.0 **10.0**layer | 10.0 | | 10.0 **10.0**21/64 | 10.0 | | 10.0 **10.0**(LinearAttention)...
 | 10.0 | | 10.0 **10.0** | 10.0 | | 10.0 **10.0**loading | 10.0 | | 10.0 **10.0**layer | 10.0 | | 10.0 **10.0**22/64 | 10.0 | | 10.0 **10.0**(LinearAttention)...
 | 10.0 | | 10.0 **10.0** | 10.0 | | 10.0 **10.0**loading | 10.0 | | 10.0 **10.0**layer | 10.0 | | 10.0 **10.0**23/64 | 10.0 | | 10.0 **10.0**(FullAttention)...
 | 10.0 | | 10.0 **10.0** | 10.0 | | 10.0 **10.0**loading | 10.0 | | 10.0 **10.0**layer | 10.0 | | 10.0 **10.0**24/64 | 10.0 | | 10.0 **10.0**(LinearAttention)...
 | 10.0 | | 10.0 **10.0** | 10.0 | | 10.0 **10.0**loading | 10.0 | | 10.0 **10.0**layer | 10.0 | | 10.0 **10.0**25/64 | 10.0 | | 10.0 **10.0**(LinearAttention)...
 | 10.0 | | 10.0 **10.0** | 10.0 | | 10.0 **10.0**loading | 10.0 | | 10.0 **10.0**layer | 10.0 | | 10.0 **10.0**26/64 | 10.0 | | 10.0 **10.0**(LinearAttention)...
 | 10.0 | | 10.0 **10.0** | 10.0 | | 10.0 **10.0**loading | 10.0 | | 10.0 **10.0**layer | 10.0 | | 10.0 **10.0**27/64 | 10.0 | | 10.0 **10.0**(FullAttention)...
 | 10.0 | | 10.0 **10.0** | 10.0 | | 10.0 **10.0**loading | 10.0 | | 10.0 **10.0**layer | 10.0 | | 10.0 **10.0**28/64 | 10.0 | | 10.0 **10.0**(LinearAttention)...
 | 10.0 | | 10.0 **10.0** | 10.0 | | 10.0 **10.0**loading | 10.0 | | 10.0 **10.0**layer | 10.0 | | 10.0 **10.0**29/64 | 10.0 | | 10.0 **10.0**(LinearAttention)...
 | 10.0 | | 10.0 **10.0** | 10.0 | | 10.0 **10.0**loading | 10.0 | | 10.0 **10.0**layer | 10.0 | | 10.0 **10.0**30/64 | 10.0 | | 10.0 **10.0**(LinearAttention)...
 | 10.0 | | 10.0 **10.0** | 10.0 | | 10.0 **10.0**loading | 10.0 | | 10.0 **10.0**layer | 10.0 | | 10.0 **10.0**31/64 | 10.0 | | 10.0 **10.0**(FullAttention)...
 | 10.0 | | 10.0 **10.0** | 10.0 | | 10.0 **10.0**loading | 10.0 | | 10.0 **10.0**layer | 10.0 | | 10.0 **10.0**32/64 | 10.0 | | 10.0 **10.0**(LinearAttention)...
 | 10.0 | | 10.0 **10.0** | 10.0 | | 10.0 **10.0**loading | 10.0 | | 10.0 **10.0**layer | 10.0 | | 10.0 **10.0**33/64 | 10.0 | | 10.0 **10.0**(LinearAttention)...
 | 10.0 | | 10.0 **10.0** | 10.0 | | 10.0 **10.0**loading | 10.0 | | 10.0 **10.0**layer | 10.0 | | 10.0 **10.0**34/64 | 10.0 | | 10.0 **10.0**(LinearAttention)...
 | 10.0 | | 10.0 **10.0** | 10.0 | | 10.0 **10.0**loading | 10.0 | | 10.0 **10.0**layer | 10.0 | | 10.0 **10.0**35/64 | 10.0 | | 10.0 **10.0**(FullAttention)...
 | 10.0 | | 10.0 **10.0** | 10.0 | | 10.0 **10.0**loading | 10.0 | | 10.0 **10.0**layer | 10.0 | | 10.0 **10.0**36/64 | 10.0 | | 10.0 **10.0**(LinearAttention)...
 | 10.0 | | 10.0 **10.0** | 10.0 | | 10.0 **10.0**loading | 10.0 | | 10.0 **10.0**layer | 10.0 | | 10.0 **10.0**37/64 | 10.0 | | 10.0 **10.0**(LinearAttention)...
 | 10.0 | | 10.0 **10.0** | 10.0 | | 10.0 **10.0**loading | 10.0 | | 10.0 **10.0**layer | 10.0 | | 10.0 **10.0**38/64 | 10.0 | | 10.0 **10.0**(LinearAttention)...
 | 10.0 | | 10.0 **10.0** | 10.0 | | 10.0 **10.0**loading | 10.0 | | 10.0 **10.0**layer | 10.0 | | 10.0 **10.0**39/64 | 10.0 | | 10.0 **10.0**(FullAttention)...
 | 10.0 | | 10.0 **10.0** | 10.0 | | 10.0 **10.0**loading | 10.0 | | 10.0 **10.0**layer | 10.0 | | 10.0 **10.0**40/64 | 10.0 | | 10.0 **10.0**(LinearAttention)...
 | 10.0 | | 10.0 **10.0** | 10.0 | | 10.0 **10.0**loading | 10.0 | | 10.0 **10.0**layer | 10.0 | | 10.0 **10.0**41/64 | 10.0 | | 10.0 **10.0**(LinearAttention)...
 | 10.0 | | 10.0 **10.0** | 10.0 | | 10.0 **10.0**loading | 10.0 | | 10.0 **10.0**layer | 10.0 | | 10.0 **10.0**42/64 | 10.0 | | 10.0 **10.0**(LinearAttention)...
 | 10.0 | | 10.0 **10.0** | 10.0 | | 10.0 **10.0**loading | 10.0 | | 10.0 **10.0**layer | 10.0 | | 10.0 **10.0**43/64 | 10.0 | | 10.0 **10.0**(FullAttention)...
 | 10.0 | | 10.0 **10.0** | 10.0 | | 10.0 **10.0**loading | 10.0 | | 10.0 **10.0**layer | 10.0 | | 10.0 **10.0**44/64 | 10.0 | | 10.0 **10.0**(LinearAttention)...
 | 10.0 | | 10.0 **10.0** | 10.0 | | 10.0 **10.0**loading | 10.0 | | 10.0 **10.0**layer | 10.0 | | 10.0 **10.0**45/64 | 10.0 | | 10.0 **10.0**(LinearAttention)...
 | 10.0 | | 10.0 **10.0** | 10.0 | | 10.0 **10.0**loading | 10.0 | | 10.0 **10.0**layer | 10.0 | | 10.0 **10.0**46/64 | 10.0 | | 10.0 **10.0**(LinearAttention)...
 | 10.0 | | 10.0 **10.0** | 10.0 | | 10.0 **10.0**loading | 10.0 | | 10.0 **10.0**layer | 10.0 | | 10.0 **10.0**47/64 | 10.0 | | 10.0 **10.0**(FullAttention)...
 | 10.0 | | 10.0 **10.0** | 10.0 | | 10.0 **10.0**loading | 10.0 | | 10.0 **10.0**layer | 10.0 | | 10.0 **10.0**48/64 | 10.0 | | 10.0 **10.0**(LinearAttention)...
 | 10.0 | | 10.0 **10.0** | 10.0 | | 10.0 **10.0**loading | 10.0 | | 10.0 **10.0**layer | 10.0 | | 10.0 **10.0**49/64 | 10.0 | | 10.0 **10.0**(LinearAttention)...
 | 10.0 | | 10.0 **10.0** | 10.0 | | 10.0 **10.0**loading | 10.0 | | 10.0 **10.0**layer | 10.0 | | 10.0 **10.0**50/64 | 10.0 | | 10.0 **10.0**(LinearAttention)...
 | 10.0 | | 10.0 **10.0** | 10.0 | | 10.0 **10.0**loading | 10.0 | | 10.0 **10.0**layer | 10.0 | | 10.0 **10.0**51/64 | 10.0 | | 10.0 **10.0**(FullAttention)...
 | 10.0 | | 10.0 **10.0** | 10.0 | | 10.0 **10.0**loading | 10.0 | | 10.0 **10.0**layer | 10.0 | | 10.0 **10.0**52/64 | 10.0 | | 10.0 **10.0**(LinearAttention)...
 | 10.0 | | 10.0 **10.0** | 10.0 | | 10.0 **10.0**loading | 10.0 | | 10.0 **10.0**layer | 10.0 | | 10.0 **10.0**53/64 | 10.0 | | 10.0 **10.0**(LinearAttention)...
 | 10.0 | | 10.0 **10.0** | 10.0 | | 10.0 **10.0**loading | 10.0 | | 10.0 **10.0**layer | 10.0 | | 10.0 **10.0**54/64 | 10.0 | | 10.0 **10.0**(LinearAttention)...
 | 10.0 | | 10.0 **10.0** | 10.0 | | 10.0 **10.0**loading | 10.0 | | 10.0 **10.0**layer | 10.0 | | 10.0 **10.0**55/64 | 10.0 | | 10.0 **10.0**(FullAttention)...
 | 10.0 | | 10.0 **10.0** | 10.0 | | 10.0 **10.0**loading | 10.0 | | 10.0 **10.0**layer | 10.0 | | 10.0 **10.0**56/64 | 10.0 | | 10.0 **10.0**(LinearAttention)...
 | 10.0 | | 10.0 **10.0** | 10.0 | | 10.0 **10.0**loading | 10.0 | | 10.0 **10.0**layer | 10.0 | | 10.0 **10.0**57/64 | 10.0 | | 10.0 **10.0**(LinearAttention)...
 | 10.0 | | 10.0 **10.0** | 10.0 | | 10.0 **10.0**loading | 10.0 | | 10.0 **10.0**layer | 10.0 | | 10.0 **10.0**58/64 | 10.0 | | 10.0 **10.0**(LinearAttention)...
 | 10.0 | | 10.0 **10.0** | 10.0 | | 10.0 **10.0**loading | 10.0 | | 10.0 **10.0**layer | 10.0 | | 10.0 **10.0**59/64 | 10.0 | | 10.0 **10.0**(FullAttention)...
 | 10.0 | | 10.0 **10.0** | 10.0 | | 10.0 **10.0**loading | 10.0 | | 10.0 **10.0**layer | 10.0 | | 10.0 **10.0**60/64 | 10.0 | | 10.0 **10.0**(LinearAttention)...
 | 10.0 | | 10.0 **10.0** | 10.0 | | 10.0 **10.0**loading | 10.0 | | 10.0 **10.0**layer | 10.0 | | 10.0 **10.0**61/64 | 10.0 | | 10.0 **10.0**(LinearAttention)...
 | 10.0 | | 10.0 **10.0** | 10.0 | | 10.0 **10.0**loading | 10.0 | | 10.0 **10.0**layer | 10.0 | | 10.0 **10.0**62/64 | 10.0 | | 10.0 **10.0**(LinearAttention)...
 | 10.0 | | 10.0 **10.0** | 10.0 | | 10.0 **10.0**loading | 10.0 | | 10.0 **10.0**layer | 10.0 | | 10.0 **10.0**63/64 | 10.0 | | 10.0 **10.0**(FullAttention)...
calibration: | 10.0 | | 10.0 **10.0**1185 | 10.0 | | 10.0 **10.0**prompts, | 10.0 | | 10.0 **10.0**16 | 10.0 | | 10.0 **10.0**FA | 10.0 | | 10.0 **10.0**layers | 10.0 | | 10.0 **10.0**× | 10.0 | | 10.0 **10.0**24 | 10.0 | | 10.0 **10.0**heads | 10.0 | | 10.0 **10.0**× | 10.0 | | 10.0 **10.0**128 | 10.0 | | 10.0 **10.0**bands
calibration | 10.0 | | 10.0 **10.0**path: | 10.0 | | 10.0 **10.0**CPU | 10.0 | | 10.0 **10.0**(--cpu-calib)
[CALIB_PROFILE] | 10.0 | | 10.0 **10.0**chunk_idx,n_tokens,memset_ms,encode_ms,forward_ms,total_ms,cumulative_tokens
[CALIB_PROFILE] | 10.0 | | 10.0 **10.0**0,508,0.788,542.402,10891.455,11434.646,508
[CALIB_PROFILE] | 10.0 | | 10.0 **10.0**1,508,0.786,502.038,584.611,1087.436,1016
[CALIB_PROFILE] | 10.0 | | 10.0 **10.0**2,508,0.775,477.467,587.520,1065.763,1524
[CALIB_PROFILE] | 10.0 | | 10.0 **10.0**3,508,0.802,461.892,590.001,1052.696,2032
[CALIB_PROFILE] | 10.0 | | 10.0 **10.0**4,508,0.842,485.483,575.704,1062.030,2540
[CALIB_PROFILE] | 10.0 | | 10.0 **10.0**5,508,0.873,484.469,571.729,1057.072,3048
[CALIB_PROFILE] | 10.0 | | 10.0 **10.0**6,508,0.790,493.460,573.485,1067.735,3556
[CALIB_PROFILE] | 10.0 | | 10.0 **10.0**7,508,0.787,481.721,571.502,1054.010,4064
[CALIB_PROFILE] | 10.0 | | 10.0 **10.0**8,508,0.781,490.013,573.829,1064.623,4572
[CALIB_PROFILE] | 10.0 | | 10.0 **10.0**9,508,0.790,473.660,574.543,1048.993,5080
[CALIB_PROFILE] | 10.0 | | 10.0 **10.0**10,508,0.791,491.604,575.819,1068.214,5588
[CALIB_PROFILE] | 10.0 | | 10.0 **10.0**11,508,0.754,476.895,576.137,1053.786,6096
[CALIB_PROFILE] | 10.0 | | 10.0 **10.0**12,508,0.768,442.389,565.396,1008.554,6604
[CALIB_PROFILE] | 10.0 | | 10.0 **10.0**13,508,0.769,443.775,577.560,1022.104,7112
[CALIB_PROFILE] | 10.0 | | 10.0 **10.0**14,508,0.723,445.341,575.202,1021.267,7620
[CALIB_PROFILE] | 10.0 | | 10.0 **10.0**15,508,0.751,462.187,578.035,1040.974,8128
[CALIB_PROFILE] | 10.0 | | 10.0 **10.0**16,508,0.728,444.498,566.627,1011.853,8636
[CALIB_PROFILE] | 10.0 | | 10.0 **10.0**17,508,0.710,463.193,579.431,1043.334,9144
[CALIB_PROFILE] | 10.0 | | 10.0 **10.0**18,508,0.711,461.512,583.456,1045.679,9652
[CALIB_PROFILE] | 10.0 | | 10.0 **10.0**19,508,0.725,490.732,579.162,1070.619,10160
[CALIB_PROFILE] | 10.0 | | 10.0 **10.0**20,508,0.711,459.036,573.287,1033.033,10668
[CALIB_PROFILE] | 10.0 | | 10.0 **10.0**21,508,0.711,466.155,577.442,1044.308,11176
[CALIB_PROFILE] | 10.0 | | 10.0 **10.0**22,508,0.734,481.532,582.977,1065.243,11684
[CALIB_PROFILE] | 10.0 | | 10.0 **10.0**23,508,0.726,459.726,584.587,1045.039,12192
[CALIB_PROFILE] | 10.0 | | 10.0 **10.0**24,508,0.867,472.399,579.311,1052.577,12700
[CALIB_PROFILE] | 10.0 | | 10.0 **10.0**25,508,0.774,460.327,586.817,1047.918,13208
[CALIB_PROFILE] | 10.0 | | 10.0 **10.0**26,508,0.860,486.364,580.446,1067.670,13716
[CALIB_PROFILE] | 10.0 | | 10.0 **10.0**27,508,0.766,474.195,567.131,1042.093,14224
[CALIB_PROFILE] | 10.0 | | 10.0 **10.0**28,508,0.816,524.813,586.647,1112.276,14732
[CALIB_PROFILE] | 10.0 | | 10.0 **10.0**29,508,0.775,485.341,579.081,1065.197,15240
[CALIB_PROFILE] | 10.0 | | 10.0 **10.0**30,508,0.736,457.234,580.590,1038.560,15748
[CALIB_PROFILE] | 10.0 | | 10.0 **10.0**31,508,0.721,441.134,572.019,1013.875,16256
[CALIB_PROFILE] | 10.0 | | 10.0 **10.0**32,508,0.723,458.404,594.010,1053.137,16764
[CALIB_PROFILE] | 10.0 | | 10.0 **10.0**33,508,0.768,468.557,592.658,1061.983,17272
[CALIB_PROFILE] | 10.0 | | 10.0 **10.0**34,508,0.790,476.467,585.179,1062.436,17780
[CALIB_PROFILE] | 10.0 | | 10.0 **10.0**35,508,0.778,467.845,574.451,1043.074,18288
[CALIB_PROFILE] | 10.0 | | 10.0 **10.0**36,508,0.773,483.670,588.546,1072.989,18796
[CALIB_PROFILE] | 10.0 | | 10.0 **10.0**37,508,0.818,495.048,579.618,1075.485,19304
[CALIB_PROFILE] | 10.0 | | 10.0 **10.0**38,508,0.771,472.860,588.657,1062.288,19812
[CALIB_PROFILE] | 10.0 | | 10.0 **10.0**39,508,0.761,465.817,578.204,1044.783,20320
[CALIB_PROFILE] | 10.0 | | 10.0 **10.0**40,508,0.798,484.529,582.167,1067.494,20828
[CALIB_PROFILE] | 10.0 | | 10.0 **10.0**41,508,0.807,451.213,583.093,1035.113,21336
[CALIB_PROFILE] | 10.0 | | 10.0 **10.0**42,508,0.762,475.586,570.523,1046.872,21844
[CALIB_PROFILE] | 10.0 | | 10.0 **10.0**43,508,0.841,509.961,582.137,1092.940,22352
[CALIB_PROFILE] | 10.0 | | 10.0 **10.0**44,508,0.854,552.311,583.780,1136.946,22860
[CALIB_PROFILE] | 10.0 | | 10.0 **10.0**45,508,0.831,543.144,589.543,1133.518,23368
[CALIB_PROFILE] | 10.0 | | 10.0 **10.0**46,508,0.880,551.614,574.938,1127.433,23876
[CALIB_PROFILE] | 10.0 | | 10.0 **10.0**47,508,0.931,504.680,585.616,1091.227,24384
[CALIB_PROFILE] | 10.0 | | 10.0 **10.0**48,508,0.843,533.434,596.748,1131.025,24892
[CALIB_PROFILE] | 10.0 | | 10.0 **10.0**49,508,0.870,566.285,592.056,1159.212,25400
[CALIB_PROFILE] | 10.0 | | 10.0 **10.0**50,508,0.839,557.436,578.356,1136.632,25908
[CALIB_PROFILE] | 10.0 | | 10.0 **10.0**51,508,0.852,542.444,589.250,1132.547,26416
[CALIB_PROFILE] | 10.0 | | 10.0 **10.0**52,508,0.844,522.869,579.868,1103.582,26924
[CALIB_PROFILE] | 10.0 | | 10.0 **10.0**53,508,0.838,519.088,586.516,1106.442,27432
[CALIB_PROFILE] | 10.0 | | 10.0 **10.0**54,508,0.839,531.068,581.218,1113.125,27940
[CALIB_PROFILE] | 10.0 | | 10.0 **10.0**55,508,0.842,528.806,584.589,1114.237,28448
[CALIB_PROFILE] | 10.0 | | 10.0 **10.0**56,508,0.841,533.265,582.406,1116.512,28956
[CALIB_PROFILE] | 10.0 | | 10.0 **10.0**57,508,0.835,546.635,581.483,1128.953,29464
[CALIB_PROFILE] | 10.0 | | 10.0 **10.0**58,508,0.838,505.606,593.417,1099.861,29972
[CALIB_PROFILE] | 10.0 | | 10.0 **10.0**59,508,0.882,553.148,596.333,1150.364,30480
[CALIB_PROFILE] | 10.0 | | 10.0 **10.0**60,508,0.886,564.699,578.645,1144.229,30988
[CALIB_PROFILE] | 10.0 | | 10.0 **10.0**61,508,0.833,546.843,589.504,1137.180,31496
[CALIB_PROFILE] | 10.0 | | 10.0 **10.0**62,508,0.832,536.004,590.649,1127.486,32004
[CALIB_PROFILE] | 10.0 | | 10.0 **10.0**63,508,0.885,542.240,588.722,1131.847,32512
[CALIB_PROFILE] | 10.0 | | 10.0 **10.0**64,508,0.835,540.584,570.751,1112.171,33020
[CALIB_PROFILE] | 10.0 | | 10.0 **10.0**65,508,0.818,515.970,585.173,1101.961,33528
[CALIB_PROFILE] | 10.0 | | 10.0 **10.0**66,508,0.836,536.806,582.280,1119.923,34036
[CALIB_PROFILE] | 10.0 | | 10.0 **10.0**67,508,0.829,535.614,586.073,1122.516,34544
[CALIB_PROFILE] | 10.0 | | 10.0 **10.0**68,508,0.832,526.079,582.918,1109.830,35052
[CALIB_PROFILE] | 10.0 | | 10.0 **10.0**69,508,0.838,510.148,584.093,1095.080,35560
[CALIB_PROFILE] | 10.0 | | 10.0 **10.0**70,508,0.825,526.365,584.462,1111.654,36068
[CALIB_PROFILE] | 10.0 | | 10.0 **10.0**71,508,0.826,537.931,581.319,1120.077,36576
[CALIB_PROFILE] | 10.0 | | 10.0 **10.0**72,508,0.814,528.395,588.122,1117.332,37084
[CALIB_PROFILE] | 10.0 | | 10.0 **10.0**73,508,0.832,532.182,591.756,1124.771,37592
[CALIB_PROFILE] | 10.0 | | 10.0 **10.0**74,508,0.835,525.672,586.836,1113.343,38100
[CALIB_PROFILE] | 10.0 | | 10.0 **10.0**75,508,0.818,538.765,582.422,1122.006,38608
[CALIB_PROFILE] | 10.0 | | 10.0 **10.0**76,508,0.843,559.896,590.618,1151.358,39116
[CALIB_PROFILE] | 10.0 | | 10.0 **10.0**77,508,0.885,524.576,596.209,1121.671,39624
[CALIB_PROFILE] | 10.0 | | 10.0 **10.0**78,508,0.834,491.253,576.569,1068.657,40132
[CALIB_PROFILE] | 10.0 | | 10.0 **10.0**79,508,0.832,514.195,584.354,1099.382,40640
[CALIB_PROFILE] | 10.0 | | 10.0 **10.0**80,508,0.820,504.128,580.644,1085.593,41148
[CALIB_PROFILE] | 10.0 | | 10.0 **10.0**81,508,0.834,502.895,591.237,1094.966,41656
[CALIB_PROFILE] | 10.0 | | 10.0 **10.0**82,508,0.887,486.995,581.168,1069.050,42164
[CALIB_PROFILE] | 10.0 | | 10.0 **10.0**83,508,0.831,481.053,585.555,1067.440,42672
[CALIB_PROFILE] | 10.0 | | 10.0 **10.0**84,508,0.830,488.579,590.693,1080.103,43180
[CALIB_PROFILE] | 10.0 | | 10.0 **10.0**85,508,0.867,507.585,585.509,1093.962,43688
[CALIB_PROFILE] | 10.0 | | 10.0 **10.0**86,508,0.877,484.576,577.476,1062.928,44196
[CALIB_PROFILE] | 10.0 | | 10.0 **10.0**87,508,0.810,488.630,583.855,1073.296,44704
[CALIB_PROFILE] | 10.0 | | 10.0 **10.0**88,508,0.872,498.556,580.863,1080.291,45212
[CALIB_PROFILE] | 10.0 | | 10.0 **10.0**89,508,0.857,499.744,587.190,1087.792,45720
[CALIB_PROFILE] | 10.0 | | 10.0 **10.0**90,508,0.785,504.561,579.661,1085.007,46228
[CALIB_PROFILE] | 10.0 | | 10.0 **10.0**91,508,0.771,492.707,576.121,1069.599,46736
[CALIB_PROFILE] | 10.0 | | 10.0 **10.0**92,508,0.778,495.760,584.677,1081.215,47244
[CALIB_PROFILE] | 10.0 | | 10.0 **10.0**93,508,0.782,483.350,588.843,1072.976,47752
[CALIB_PROFILE] | 10.0 | | 10.0 **10.0**94,508,0.770,497.917,585.469,1084.157,48260
[CALIB_PROFILE] | 10.0 | | 10.0 **10.0**95,508,0.764,456.898,581.449,1039.111,48768
[CALIB_PROFILE] | 10.0 | | 10.0 **10.0**96,508,0.804,487.044,582.127,1069.975,49276
[CALIB_PROFILE] | 10.0 | | 10.0 **10.0**97,508,0.811,458.718,572.389,1031.918,49784
[CALIB_PROFILE] | 10.0 | | 10.0 **10.0**98,508,0.794,443.003,579.318,1023.115,50292
[CALIB_PROFILE] | 10.0 | | 10.0 **10.0**99,508,0.787,454.146,580.769,1035.702,50800
[CALIB_PROFILE] | 10.0 | | 10.0 **10.0**100,508,0.789,465.572,581.791,1048.152,51308
[CALIB_PROFILE] | 10.0 | | 10.0 **10.0**101,508,0.776,467.853,575.710,1044.338,51816
[CALIB_PROFILE] | 10.0 | | 10.0 **10.0**102,508,0.763,454.528,582.218,1037.510,52324
[CALIB_PROFILE] | 10.0 | | 10.0 **10.0**103,508,0.765,462.054,583.074,1045.893,52832
[CALIB_PROFILE] | 10.0 | | 10.0 **10.0**104,508,0.761,474.657,576.499,1051.917,53340
[CALIB_PROFILE] | 10.0 | | 10.0 **10.0**105,508,0.762,467.936,580.391,1049.088,53848
[CALIB_PROFILE] | 10.0 | | 10.0 **10.0**106,508,0.747,459.526,576.531,1036.804,54356
[CALIB_PROFILE] | 10.0 | | 10.0 **10.0**107,508,0.745,458.259,578.188,1037.194,54864
[CALIB_PROFILE] | 10.0 | | 10.0 **10.0**108,508,0.739,464.546,566.072,1031.357,55372
[CALIB_PROFILE] | 10.0 | | 10.0 **10.0**109,508,0.719,463.013,581.201,1044.933,55880
[CALIB_PROFILE] | 10.0 | | 10.0 **10.0**110,508,0.752,468.953,584.632,1054.337,56388
[CALIB_PROFILE] | 10.0 | | 10.0 **10.0**111,508,0.731,467.455,586.657,1054.843,56896
[CALIB_PROFILE] | 10.0 | | 10.0 **10.0**112,508,0.733,473.684,579.693,1054.110,57404
[CALIB_PROFILE] | 10.0 | | 10.0 **10.0**113,508,0.782,457.970,570.725,1029.477,57912
[CALIB_PROFILE] | 10.0 | | 10.0 **10.0**114,508,0.739,479.900,575.345,1055.984,58420
[CALIB_PROFILE] | 10.0 | | 10.0 **10.0**115,508,0.756,483.011,574.295,1058.062,58928
[CALIB_PROFILE] | 10.0 | | 10.0 **10.0**116,508,0.712,459.288,567.026,1027.026,59436
[CALIB_PROFILE] | 10.0 | | 10.0 **10.0**117,508,0.699,444.420,573.742,1018.862,59944
[CALIB_PROFILE] | 10.0 | | 10.0 **10.0**118,508,0.706,461.244,578.057,1040.008,60452
[CALIB_PROFILE] | 10.0 | | 10.0 **10.0**119,508,0.743,462.913,583.492,1047.148,60960
[CALIB_PROFILE] | 10.0 | | 10.0 **10.0**120,508,0.789,445.091,587.284,1033.165,61468
[CALIB_PROFILE] | 10.0 | | 10.0 **10.0**121,508,0.737,466.927,566.367,1034.031,61976
[CALIB_PROFILE] | 10.0 | | 10.0 **10.0**122,508,0.736,459.711,575.629,1036.076,62484
[CALIB_PROFILE] | 10.0 | | 10.0 **10.0**123,508,0.757,463.501,583.209,1047.466,62992
[CALIB_PROFILE] | 10.0 | | 10.0 **10.0**124,508,0.709,471.384,572.958,1045.052,63500
[CALIB_PROFILE] | 10.0 | | 10.0 **10.0**125,508,0.698,452.025,584.945,1037.668,64008
[CALIB_PROFILE] | 10.0 | | 10.0 **10.0**126,508,0.768,465.156,572.493,1038.418,64516
[CALIB_PROFILE] | 10.0 | | 10.0 **10.0**127,508,0.733,455.330,577.705,1033.768,65024
[CALIB_PROFILE] | 10.0 | | 10.0 **10.0**128,508,0.734,460.930,580.426,1042.090,65532
[CALIB_PROFILE] | 10.0 | | 10.0 **10.0**129,508,0.744,508.351,573.887,1082.983,66040
[CALIB_PROFILE] | 10.0 | | 10.0 **10.0**130,508,0.748,462.013,573.203,1035.965,66548
[CALIB_PROFILE] | 10.0 | | 10.0 **10.0**131,508,0.741,454.641,576.022,1031.403,67056
[CALIB_PROFILE] | 10.0 | | 10.0 **10.0**132,508,0.741,448.370,578.338,1027.450,67564
[CALIB_PROFILE] | 10.0 | | 10.0 **10.0**133,508,0.698,461.858,581.458,1044.015,68072
[CALIB_PROFILE] | 10.0 | | 10.0 **10.0**134,508,0.769,483.107,579.989,1063.865,68580
[CALIB_PROFILE] | 10.0 | | 10.0 **10.0**135,508,0.829,483.964,584.185,1068.978,69088
[CALIB_PROFILE] | 10.0 | | 10.0 **10.0**136,508,0.848,554.174,585.369,1140.391,69596
[CALIB_PROFILE] | 10.0 | | 10.0 **10.0**137,508,0.785,469.458,583.208,1053.452,70104
[CALIB_PROFILE] | 10.0 | | 10.0 **10.0**138,508,0.828,458.273,580.932,1040.032,70612
[CALIB_PROFILE] | 10.0 | | 10.0 **10.0**139,508,0.729,450.304,574.641,1025.675,71120
[CALIB_PROFILE] | 10.0 | | 10.0 **10.0**140,508,0.793,454.298,575.933,1031.024,71628
[CALIB_PROFILE] | 10.0 | | 10.0 **10.0**141,508,0.743,441.813,580.847,1023.404,72136
[CALIB_PROFILE] | 10.0 | | 10.0 **10.0**142,508,0.802,469.615,594.058,1064.475,72644
[CALIB_PROFILE] | 10.0 | | 10.0 **10.0**143,508,0.790,467.330,578.242,1046.362,73152
[CALIB_PROFILE] | 10.0 | | 10.0 **10.0**144,508,0.758,440.649,569.877,1011.285,73660
[CALIB_PROFILE] | 10.0 | | 10.0 **10.0**145,508,0.741,461.932,586.162,1048.835,74168
[CALIB_PROFILE] | 10.0 | | 10.0 **10.0**146,508,0.757,437.792,575.443,1013.992,74676
[CALIB_PROFILE] | 10.0 | | 10.0 **10.0**147,508,0.746,437.956,577.422,1016.124,75184
[CALIB_PROFILE] | 10.0 | | 10.0 **10.0**148,508,0.744,459.136,576.241,1036.122,75692
[CALIB_PROFILE] | 10.0 | | 10.0 **10.0**149,508,0.740,450.011,583.425,1034.177,76200
[CALIB_PROFILE] | 10.0 | | 10.0 **10.0**150,508,0.763,226.736,581.072,808.572,76708
[CALIB_PROFILE] | 10.0 | | 10.0 **10.0**151,508,0.788,438.437,573.741,1012.966,77216
[CALIB_PROFILE] | 10.0 | | 10.0 **10.0**152,508,0.736,465.590,576.850,1043.176,77724
[CALIB_PROFILE] | 10.0 | | 10.0 **10.0**153,508,0.787,456.784,587.893,1045.465,78232
[CALIB_PROFILE] | 10.0 | | 10.0 **10.0**154,508,0.772,461.161,573.985,1035.918,78740
[CALIB_PROFILE] | 10.0 | | 10.0 **10.0**155,508,0.748,458.880,571.895,1031.523,79248
[CALIB_PROFILE] | 10.0 | | 10.0 **10.0**156,508,0.731,452.733,575.932,1029.396,79756
[CALIB_PROFILE] | 10.0 | | 10.0 **10.0**157,508,0.796,472.892,570.513,1044.201,80264
[CALIB_PROFILE] | 10.0 | | 10.0 **10.0**158,508,0.734,459.686,584.571,1044.992,80772
[CALIB_PROFILE] | 10.0 | | 10.0 **10.0**159,508,0.732,471.336,573.632,1045.701,81280
[CALIB_PROFILE] | 10.0 | | 10.0 **10.0**160,508,0.738,469.432,569.745,1039.914,81788
[CALIB_PROFILE] | 10.0 | | 10.0 **10.0**161,508,0.778,468.750,573.482,1043.011,82296
[CALIB_PROFILE] | 10.0 | | 10.0 **10.0**162,508,0.743,448.416,564.332,1013.491,82804
[CALIB_PROFILE] | 10.0 | | 10.0 **10.0**163,508,0.768,463.708,568.042,1032.519,83312
[CALIB_PROFILE] | 10.0 | | 10.0 **10.0**164,508,0.777,447.362,578.600,1026.739,83820
[CALIB_PROFILE] | 10.0 | | 10.0 **10.0**165,508,0.754,434.257,578.955,1013.967,84328
[CALIB_PROFILE] | 10.0 | | 10.0 **10.0**166,508,0.728,476.588,562.184,1039.501,84836
[CALIB_PROFILE] | 10.0 | | 10.0 **10.0**167,508,0.719,428.581,578.314,1007.613,85344
[CALIB_PROFILE] | 10.0 | | 10.0 **10.0**168,508,0.708,438.958,571.648,1011.315,85852
[CALIB_PROFILE] | 10.0 | | 10.0 **10.0**169,508,0.710,451.417,569.734,1021.862,86360
[CALIB_PROFILE] | 10.0 | | 10.0 **10.0**170,508,0.696,440.174,579.397,1020.267,86868
[CALIB_PROFILE] | 10.0 | | 10.0 **10.0**171,508,0.699,435.978,576.153,1012.830,87376
[CALIB_PROFILE] | 10.0 | | 10.0 **10.0**172,508,0.749,467.123,574.707,1042.579,87884
[CALIB_PROFILE] | 10.0 | | 10.0 **10.0**173,508,0.744,478.410,571.779,1050.933,88392
[CALIB_PROFILE] | 10.0 | | 10.0 **10.0**174,508,0.731,458.593,567.812,1027.136,88900
[CALIB_PROFILE] | 10.0 | | 10.0 **10.0**175,508,0.695,460.936,572.957,1034.588,89408
[CALIB_PROFILE] | 10.0 | | 10.0 **10.0**176,508,0.732,454.893,565.044,1020.669,89916
[CALIB_PROFILE] | 10.0 | | 10.0 **10.0**177,508,0.707,437.249,575.863,1013.819,90424
[CALIB_PROFILE] | 10.0 | | 10.0 **10.0**178,508,0.721,443.176,574.570,1018.468,90932
[CALIB_PROFILE] | 10.0 | | 10.0 **10.0**179,508,0.704,459.118,575.862,1035.684,91440
[CALIB_PROFILE] | 10.0 | | 10.0 **10.0**180,508,0.725,470.509,579.510,1050.744,91948
[CALIB_PROFILE] | 10.0 | | 10.0 **10.0**181,508,0.724,468.502,571.370,1040.597,92456
[CALIB_PROFILE] | 10.0 | | 10.0 **10.0**182,508,0.701,459.578,565.139,1025.418,92964
[CALIB_PROFILE] | 10.0 | | 10.0 **10.0**183,508,0.698,492.737,576.491,1069.926,93472
[CALIB_PROFILE] | 10.0 | | 10.0 **10.0**184,508,0.754,483.263,569.410,1053.428,93980
[CALIB_PROFILE] | 10.0 | | 10.0 **10.0**185,508,0.788,455.058,575.142,1030.988,94488
[CALIB_PROFILE] | 10.0 | | 10.0 **10.0**186,508,0.748,450.230,569.757,1020.735,94996
[CALIB_PROFILE] | 10.0 | | 10.0 **10.0**187,508,0.764,497.489,571.255,1069.508,95504
[CALIB_PROFILE] | 10.0 | | 10.0 **10.0**188,508,0.750,474.987,575.123,1050.860,96012
[CALIB_PROFILE] | 10.0 | | 10.0 **10.0**189,508,0.719,450.967,574.304,1025.990,96520
[CALIB_PROFILE] | 10.0 | | 10.0 **10.0**190,508,0.716,453.031,568.616,1022.363,97028
[CALIB_PROFILE] | 10.0 | | 10.0 **10.0**191,508,0.722,454.251,567.497,1022.471,97536
[CALIB_PROFILE] | 10.0 | | 10.0 **10.0**192,508,0.702,444.809,569.630,1015.141,98044
[CALIB_PROFILE] | 10.0 | | 10.0 **10.0**193,508,0.708,468.355,572.239,1041.302,98552
[CALIB_PROFILE] | 10.0 | | 10.0 **10.0**194,508,0.703,474.285,567.446,1042.434,99060
[CALIB_PROFILE] | 10.0 | | 10.0 **10.0**195,508,0.703,470.885,575.121,1046.710,99568
[CALIB_PROFILE] | 10.0 | | 10.0 **10.0**196,432,0.717,422.553,523.947,947.217,100000
total | 10.0 | | 10.0 **10.0**calibration | 10.0 | | 10.0 **10.0**samples: | 10.0 | | 10.0 **10.0**100000 | 10.0 | | 10.0 **10.0**tokens | 10.0 | | 10.0 **10.0**× | 10.0 | | 10.0 **10.0**FA | 10.0 | | 10.0 **10.0**layers
[CALIB_PROFILE] | 10.0 | | 10.0 **10.0**SUMMARY | 10.0 | | 10.0 **10.0**total_tokens=100000 | 10.0 | | 10.0 **10.0**loop_ms=218860.3 | 10.0 | | 10.0 **10.0**finalize_ms=0.6 | 10.0 | | 10.0 **10.0**effective_tok_per_sec=456.9
saved | 10.0 | | 10.0 **10.0**sidecar: | 10.0 | | 10.0 **10.0**models/qwen3.6-27b/qwen3.6-27b.mq4.triattn.cpu_baseline_100k.bin
Mean | 10.0 | | 10.0 **10.0**Resultant | 10.0 | | 10.0 **10.0**Length | 10.0 | | 10.0 **10.0**R_f | 10.0 | | 10.0 **10.0**across | 10.0 | | 10.0 **10.0**all | 10.0 | | 10.0 **10.0**(layer, | 10.0 | | 10.0 **10.0**head, | 10.0 | | 10.0 **10.0**band): | 10.0 | | 10.0 **10.0**mean=0.474, | 10.0 | | 10.0 **10.0**median=0.436, | 10.0 | | 10.0 **10.0**4.3% | 10.0 | | 10.0 **10.0**> | 10.0 | | 10.0 **10.0**0.95
paper | 10.0 | | 10.0 **10.0**target: | 10.0 | | 10.0 **10.0**~90% | 10.0 | | 10.0 **10.0**of | 10.0 | | 10.0 **10.0**heads | 10.0 | | 10.0 **10.0**R | 10.0 | | 10.0 **10.0**> | 10.0 | | 10.0 **10.0**0.95 | 10.0 | | 10.0 **10.0**(Figure | 10.0 | | 10.0 **10.0**2C)
note: | 10.0 | | 10.0 **10.0**R_f | 10.0 | | 10.0 **10.0**is | 10.0 | | 10.0 **10.0**validation-prompt-INDEPENDENT | 10.0 | | 10.0 **10.0**(a | 10.0 | | 10.0 **10.0**plus) | 10.0 | | 10.0 **10.0**but | 10.0 | | 10.0 **10.0**has | 10.0 | | 10.0 **10.0**LOW | 10.0 | | 10.0 **10.0**DYNAMIC | 10.0 | | 10.0 **10.0**RANGE | 10.0 | | 10.0 **10.0**— | 10.0 | | 10.0 **10.0**empirically | 10.0 | | 10.0 **10.0**on | 10.0 | | 10.0 **10.0**qwen3.5-9b, | 10.0 | | 10.0 **10.0**calibration | 10.0 | | 10.0 **10.0**corpora | 10.0 | | 10.0 **10.0**of | 10.0 | | 10.0 **10.0**20k | 10.0 | | 10.0 **10.0**/ | 10.0 | | 10.0 **10.0**50k | 10.0 | | 10.0 **10.0**/ | 10.0 | | 10.0 **10.0**100k | 10.0 | | 10.0 **10.0**Wikipedia | 10.0 | | 10.0 **10.0**tokens | 10.0 | | 10.0 **10.0**all | 10.0 | | 10.0 **10.0**land | 10.0 | | 10.0 **10.0**at | 10.0 | | 10.0 **10.0**R_f≈0.74 | 10.0 | | 10.0 **10.0**despite | 10.0 | | 10.0 **10.0**the | 10.0 | | 10.0 **10.0**5× | 10.0 | | 10.0 **10.0**size | 10.0 | | 10.0 **10.0**difference. | 10.0 | | 10.0 **10.0**Treat | 10.0 | | 10.0 **10.0**R_f | 10.0 | | 10.0 **10.0**as | 10.0 | | 10.0 **10.0**a | 10.0 | | 10.0 **10.0**floor | 10.0 | | 10.0 **10.0**check | 10.0 | | 10.0 **10.0**(is | 10.0 | | 10.0 **10.0**aggregation | 10.0 | | 10.0 **10.0**converging | 10.0 | | 10.0 **10.0**at | 10.0 | | 10.0 **10.0**all?), | 10.0 | | 10.0 **10.0**not | 10.0 | | 10.0 **10.0**as | 10.0 | | 10.0 **10.0**a | 10.0 | | 10.0 **10.0**ranking | 10.0 | | 10.0 **10.0**metric.
validation: | 10.0 | | 10.0 **10.0**27 | 10.0 | | 10.0 **10.0**tokens
layer | 10.0 | | 10.0 **10.0** | 10.0 | | 10.0 **10.0**3: | 10.0 | | 10.0 **10.0**r̄=0.670 | 10.0 | | 10.0 **10.0** | 10.0 | | 10.0 **10.0**[0.334, | 10.0 | | 10.0 **10.0**0.946] | 10.0 | | 10.0 **10.0** | 10.0 | | 10.0 **10.0**79% | 10.0 | | 10.0 **10.0**of | 10.0 | | 10.0 **10.0**heads | 10.0 | | 10.0 **10.0**> | 10.0 | | 10.0 **10.0**0.5
layer | 10.0 | | 10.0 **10.0** | 10.0 | | 10.0 **10.0**7: | 10.0 | | 10.0 **10.0**r̄=0.651 | 10.0 | | 10.0 **10.0** | 10.0 | | 10.0 **10.0**[0.140, | 10.0 | | 10.0 **10.0**0.961] | 10.0 | | 10.0 **10.0** | 10.0 | | 10.0 **10.0**75% | 10.0 | | 10.0 **10.0**of | 10.0 | | 10.0 **10.0**heads | 10.0 | | 10.0 **10.0**> | 10.0 | | 10.0 **10.0**0.5
layer | 10.0 | | 10.0 **10.0**11: | 10.0 | | 10.0 **10.0**r̄=0.516 | 10.0 | | 10.0 **10.0** | 10.0 | | 10.0 **10.0**[-0.233, | 10.0 | | 10.0 **10.0**0.860] | 10.0 | | 10.0 **10.0** | 10.0 | | 10.0 **10.0**67% | 10.0 | | 10.0 **10.0**of | 10.0 | | 10.0 **10.0**heads | 10.0 | | 10.0 **10.0**> | 10.0 | | 10.0 **10.0**0.5
layer | 10.0 | | 10.0 **10.0**15: | 10.0 | | 10.0 **10.0**r̄=0.577 | 10.0 | | 10.0 **10.0** | 10.0 | | 10.0 **10.0**[-0.004, | 10.0 | | 10.0 **10.0**0.866] | 10.0 | | 10.0 **10.0** | 10.0 | | 10.0 **10.0**79% | 10.0 | | 10.0 **10.0**of | 10.0 | | 10.0 **10.0**heads | 10.0 | | 10.0 **10.0**> | 10.0 | | 10.0 **10.0**0.5
layer | 10.0 | | 10.0 **10.0**19: | 10.0 | | 10.0 **10.0**r̄=0.534 | 10.0 | | 10.0 **10.0** | 10.0 | | 10.0 **10.0**[0.114, | 10.0 | | 10.0 **10.0**0.846] | 10.0 | | 10.0 **10.0** | 10.0 | | 10.0 **10.0**58% | 10.0 | | 10.0 **10.0**of | 10.0 | | 10.0 **10.0**heads | 10.0 | | 10.0 **10.0**> | 10.0 | | 10.0 **10.0**0.5
layer | 10.0 | | 10.0 **10.0**23: | 10.0 | | 10.0 **10.0**r̄=0.477 | 10.0 | | 10.0 **10.0** | 10.0 | | 10.0 **10.0**[-0.065, | 10.0 | | 10.0 **10.0**0.786] | 10.0 | | 10.0 **10.0** | 10.0 | | 10.0 **10.0**58% | 10.0 | | 10.0 **10.0**of | 10.0 | | 10.0 **10.0**heads | 10.0 | | 10.0 **10.0**> | 10.0 | | 10.0 **10.0**0.5
layer | 10.0 | | 10.0 **10.0**27: | 10.0 | | 10.0 **10.0**r̄=0.439 | 10.0 | | 10.0 **10.0** | 10.0 | | 10.0 **10.0**[-0.069, | 10.0 | | 10.0 **10.0**0.774] | 10.0 | | 10.0 **10.0** | 10.0 | | 10.0 **10.0**46% | 10.0 | | 10.0 **10.0**of | 10.0 | | 10.0 **10.0**heads | 10.0 | | 10.0 **10.0**> | 10.0 | | 10.0 **10.0**0.5
layer | 10.0 | | 10.0 **10.0**31: | 10.0 | | 10.0 **10.0**r̄=0.307 | 10.0 | | 10.0 **10.0** | 10.0 | | 10.0 **10.0**[-0.449, | 10.0 | | 10.0 **10.0**0.701] | 10.0 | | 10.0 **10.0** | 10.0 | | 10.0 **10.0**33% | 10.0 | | 10.0 **10.0**of | 10.0 | | 10.0 **10.0**heads | 10.0 | | 10.0 **10.0**> | 10.0 | | 10.0 **10.0**0.5
layer | 10.0 | | 10.0 **10.0**35: | 10.0 | | 10.0 **10.0**r̄=0.361 | 10.0 | | 10.0 **10.0** | 10.0 | | 10.0 **10.0**[-0.233, | 10.0 | | 10.0 **10.0**0.772] | 10.0 | | 10.0 **10.0** | 10.0 | | 10.0 **10.0**29% | 10.0 | | 10.0 **10.0**of | 10.0 | | 10.0 **10.0**heads | 10.0 | | 10.0 **10.0**> | 10.0 | | 10.0 **10.0**0.5
layer | 10.0 | | 10.0 **10.0**39: | 10.0 | | 10.0 **10.0**r̄=0.499 | 10.0 | | 10.0 **10.0** | 10.0 | | 10.0 **10.0**[-0.036, | 10.0 | | 10.0 **10.0**0.778] | 10.0 | | 10.0 **10.0** | 10.0 | | 10.0 **10.0**50% | 10.0 | | 10.0 **10.0**of | 10.0 | | 10.0 **10.0**heads | 10.0 | | 10.0 **10.0**> | 10.0 | | 10.0 **10.0**0.5
layer | 10.0 | | 10.0 **10.0**43: | 10.0 | | 10.0 **10.0**r̄=0.290 | 10.0 | | 10.0 **10.0** | 10.0 | | 10.0 **10.0**[-0.489, | 10.0 | | 10.0 **10.0**0.753] | 10.0 | | 10.0 **10.0** | 10.0 | | 10.0 **10.0**42% | 10.0 | | 10.0 **10.0**of | 10.0 | | 10.0 **10.0**heads | 10.0 | | 10.0 **10.0**> | 10.0 | | 10.0 **10.0**0.5
layer | 10.0 | | 10.0 **10.0**47: | 10.0 | | 10.0 **10.0**r̄=0.539 | 10.0 | | 10.0 **10.0** | 10.0 | | 10.0 **10.0**[0.092, | 10.0 | | 10.0 **10.0**0.876] | 10.0 | | 10.0 **10.0** | 10.0 | | 10.0 **10.0**62% | 10.0 | | 10.0 **10.0**of | 10.0 | | 10.0 **10.0**heads | 10.0 | | 10.0 **10.0**> | 10.0 | | 10.0 **10.0**0.5
layer | 10.0 | | 10.0 **10.0**51: | 10.0 | | 10.0 **10.0**r̄=0.475 | 10.0 | | 10.0 **10.0** | 10.0 | | 10.0 **10.0**[0.139, | 10.0 | | 10.0 **10.0**0.805] | 10.0 | | 10.0 **10.0** | 10.0 | | 10.0 **10.0**46% | 10.0 | | 10.0 **10.0**of | 10.0 | | 10.0 **10.0**heads | 10.0 | | 10.0 **10.0**> | 10.0 | | 10.0 **10.0**0.5
layer | 10.0 | | 10.0 **10.0**55: | 10.0 | | 10.0 **10.0**r̄=0.755 | 10.0 | | 10.0 **10.0** | 10.0 | | 10.0 **10.0**[0.435, | 10.0 | | 10.0 **10.0**0.929] | 10.0 | | 10.0 **10.0** | 10.0 | | 10.0 **10.0**96% | 10.0 | | 10.0 **10.0**of | 10.0 | | 10.0 **10.0**heads | 10.0 | | 10.0 **10.0**> | 10.0 | | 10.0 **10.0**0.5
layer | 10.0 | | 10.0 **10.0**59: | 10.0 | | 10.0 **10.0**r̄=0.822 | 10.0 | | 10.0 **10.0** | 10.0 | | 10.0 **10.0**[0.652, | 10.0 | | 10.0 **10.0**0.942] | 10.0 | | 10.0 **10.0** | 10.0 | | 10.0 **10.0**100% | 10.0 | | 10.0 **10.0**of | 10.0 | | 10.0 **10.0**heads | 10.0 | | 10.0 **10.0**> | 10.0 | | 10.0 **10.0**0.5
layer | 10.0 | | 10.0 **10.0**63: | 10.0 | | 10.0 **10.0**r̄=0.676 | 10.0 | | 10.0 **10.0** | 10.0 | | 10.0 **10.0**[0.361, | 10.0 | | 10.0 **10.0**0.919] | 10.0 | | 10.0 **10.0** | 10.0 | | 10.0 **10.0**88% | 10.0 | | 10.0 **10.0**of | 10.0 | | 10.0 **10.0**heads | 10.0 | | 10.0 **10.0**> | 10.0 | | 10.0 **10.0**0.5

=== | 10.0 | | 10.0 **10.0**overall | 10.0 | | 10.0 **10.0**mean | 10.0 | | 10.0 **10.0**r̄ | 10.0 | | 10.0 **10.0**across | 10.0 | | 10.0 **10.0**FA | 10.0 | | 10.0 **10.0**layers: | 10.0 | | 10.0 **10.0**0.537 | 10.0 | | 10.0 **10.0**===
paper | 10.0 | | 10.0 **10.0**target: | 10.0 | | 10.0 **10.0**≈0.5 | 10.0 | | 10.0 **10.0**(Figure | 10.0 | | 10.0 **10.0**3 | 10.0 | | 10.0 **10.0**mean), | 10.0 | | 10.0 **10.0**per-head | 10.0 | | 10.0 **10.0**0.6-0.9 | 10.0 | | 10.0 **10.0**common; | 10.0 | | 10.0 **10.0**calibration | 10.0 | | 10.0 **10.0**corpus | 10.0 | | 10.0 **10.0**is | 10.0 | | 10.0 **10.0**tiny | 10.0 | | 10.0 **10.0**here
note: | 10.0 | | 10.0 **10.0**r̄ | 10.0 | | 10.0 **10.0**plateaus | 10.0 | | 10.0 **10.0**by | 10.0 | | 10.0 **10.0**~20k | 10.0 | | 10.0 **10.0**calibration | 10.0 | | 10.0 **10.0**tokens | 10.0 | | 10.0 **10.0**under | 10.0 | | 10.0 **10.0**running-mean | 10.0 | | 10.0 **10.0**aggregation | 10.0 | | 10.0 **10.0**— | 10.0 | | 10.0 **10.0**more | 10.0 | | 10.0 **10.0**data | 10.0 | | 10.0 **10.0**does | 10.0 | | 10.0 **10.0**NOT | 10.0 | | 10.0 **10.0**improve | 10.0 | | 10.0 **10.0**r̄ | 10.0 | | 10.0 **10.0**past | 10.0 | | 10.0 **10.0**that | 10.0 | | 10.0 **10.0**point. | 10.0 | | 10.0 **10.0**r̄ | 10.0 | | 10.0 **10.0**is | 10.0 | | 10.0 **10.0**also | 10.0 | | 10.0 **10.0**validation-prompt-dependent; | 10.0 | | 10.0 **10.0**for | 10.0 | | 10.0 **10.0**sidecar | 10.0 | | 10.0 **10.0**quality | 10.0 | | 10.0 **10.0**decisions, | 10.0 | | 10.0 **10.0**validate | 10.0 | | 10.0 **10.0**against | 10.0 | | 10.0 **10.0**a | 10.0 | | 10.0 **10.0**downstream | 10.0 | | 10.0 **10.0**long-context | 10.0 | | 10.0 **10.0**recall | 10.0 | | 10.0 **10.0**test | 10.0 | | 10.0 **10.0**rather | 10.0 | | 10.0 **10.0**than | 10.0 | | 10.0 **10.0**this | 10.0 | | 10.0 **10.0**number | 10.0 | | 10.0 **10.0**alone.
